*
*       начались данные 0 - кpуг, 1- тpеугольник 2 - квадpат
*
0
0
1
2
0
1
1
2
2
0
0
0
1
2
2
*
*                          30 figures.
*
1
2
0
0
1
2
2
0
1
2
2
0
0
2
2
2
2
0
0
1
*
*               40 figures.
*
0
1
2
1
1
1
2
0
2
2
0
0
0
0
1
1
1
2
2
1
0
0
1
1
2
*
*        50 figures.
*
2
0
2
0
1
0
0
2
2
1
1
0
1
2
2
1
0
0
1
0
2
2
1
2
2
2
2
0
1
2
*
*               60 figures
*
1
0
1
0
0
1
2
2
0
0
0
0
1
2
0
1
1
2
2
0
0
0
1
2
2
1
2
0
0
1
2
2
0
1
2
*
*               70 figures
*
2
0
0
2
2
2
2
0
0
1
0
1
2
1
1
1
2
0
2
2
0
0
0
0
1
1
1
2
2
1
0
0
1
1
2
2
0
2
0
1
*
*               80 figures
*
0
0
2
2
1
1
0
1
2
2
1
0
0
1
0
2
2
1
2
2
2
2
0
1
2
1
0
1
0
0
1
2
2
0
0
0
0
1
2
0
1
1
2
2
0
*
*               90 figures
*
0
0
1
2
2
1
2
0
0
1
2
2
0
1
2
2
0
0
2
2
2
2
0
0
1
0
1
2
1
1
1
2
0
2
2
0
0
0
0
1
1
1
2
2
1
0
0
1
1
2
*
*       100 figures
*
2
0
2
0
1
0
0
2
2
1
1
0
1
2
2
1
0
0
1
0
2
2
1
2
2
2
2
0
1
2
1
0
1
0
0
1
2
2
0
0
0
0
1
2
0
1
1
2
2
0
0
0
1
2
2
*
*               110 figures
*
1
2
0
0
1
2
2
0
1
2
2
0
0
2
2
2
2
0
0
1
0
1
2
1
1
1
2
0
2
2
0
0
0
0
1
1
1
2
2
1
0
0
1
1
2
2
0
2
0
1
0
0
2
2
1
1
0
1
2
2
*
*               120 figures
*
1
0
0
1
0
2
2
1
2
2
2
2
0
1
2
1
0
1
0
0
1
2
2
0
0
0
0
1
2
0
1
1
2
2
0
0
0
1
2
2
1
2
0
0
1
2
2
0
1
2
2
0
0
2
2
2
2
0
0
1
0
1
2
1
1
*
*               130 figures
*
1
2
0
2
2
0
0
0
0
1
1
1
2
2
1
0
0
1
1
2
2
0
2
0
1
0
0
2
2
1
1
0
1
2
2
1
0
0
1
0
2
2
1
2
2
2
2
0
1
2
1
0
1
0
0
1
2
2
0
0
0
0
1
2
0
1
1
2
2
0
*
*               140 figures
*
0
0
1
2
2
1
2
0
0
1
2
2
0
1
2
2
0
0
2
2
2
2
0
0
1
0
1
2
1
1
1
2
0
2
2
0
0
0
0
1
1
1
2
2
1
0
0
1
1
2
2
0
2
0
1
0
0
2
2
1
1
0
1
2
2
1
0
0
1
0
2
2
1
2
2
*
*               150 figures
*
2
2
0
1
2
1
0
1
0
0
1
2
2
0
0
0
0
1
2
0
1
1
2
2
0
0
0
1
2
2
1
2
0
0
1
2
2
0
1
2
2
0
0
2
2
2
2
0
0
1
0
0
0
1
2
0
1
1
2
2
0
0
0
1
2
2
1
2
0
0
1
2
2
0
1
2
2
0
0
2
2
1
0
0
1
1
2
2
0
2
0
1
0
0
2
2
1
1
0
1
2
2
1
0
0
1
0
2
2
1
2
2
2
2
0
1
2
1
1
2
*
*              160 figures
*
*
*               ?????  
*               end of file!
